
Матрица стоимостей
   0  127   83   46   45   34   53
 129    0   76  150   87  149  115
  20   96    0   38  101   66   55
  53   21   23    0  125   35  100
 117   46   17   76    0  131   41
  44   89  109   95   70    0   19
  48    8   51   28   97   85    0

Матрица пропускных способностей
   0   33   38   32   15    5    6
  32    0    3   40    5   10   27
  38   10    0   30   31   20   19
  13   13    7    0   20   39   16
   7   38    4   11    0   14   25
   8   10   17   17   17    0   50
  19   19   39   20   46    7    0

Количество МБайт
       51.00
